0,466
0,465
0,464
40,3
40,2
0,463
40,1
40,0
0,462
0,461
0,386
0,278
39,35
3,2
3,1
3,3
10,138
10,154
10,304
10,216
10,190
10,240
10,312
10,70
10,2
10,3
0,424
38,3
38,2
38,1
38,0
12,2
12,1
37,3
37,2
37,1
37,0
12,3
36,3
36,2
36,1
36,0
35,3
35,2
35,1
35,0
34,3
34,2
34,1
34,0
33,3
33,2
33,1
33,0
32,4
32,3
32,2
32,1
32,0
20,2
20,1
31,3
31,2
31,1
31,0
20,3
30,3
30,2
30,1
30,0
29,4
19,2
19,1
29,3
29,2
29,1
29,0
28,5
28,4
19,3
28,3
28,2
28,1
28,0
27,4
27,3
27,2
27,1
27,0
26,4
26,3
26,2
26,1
26,0
25,4
25,3
25,2
25,1
25,0
24,3
24,2
24,1
24,0
11,29
11,28
11,27
11,26
11,25
11,24
11,23
11,22
11,21
11,20
11,19
11,18
11,17
11,16
11,15
11,14
11,13
